% calibrate the LBR robot by move the joint one by one and find each joint
% axis

% circular movement one by one 
% the second, third, and fourth element give the x, y, and z position of a
% point
Point4Axis1 = [1 0.315882 0.0328608 -2.04561 -0.0103895 0.336546 0.150899 0.92944 -171.115 -21.5515 38.4962 
2 0.269763 0.0370386 -1.97508 -0.00215948 0.25365 0.165913 0.952958 -174.214 -21.2428 28.8632 
3 0.234996 0.0393285 -1.93657 0.00539424 0.192669 0.163417 0.967546 -176.752 -19.8049 21.9993 
4 0.187508 0.0411877 -1.8973 0.0197456 0.116833 0.160347 0.979923 179.927 -18.5775 13.6097 
5 0.143043 0.0432271 -1.86909 0.0235668 0.0543111 0.165309 0.984463 178.359 -18.9697 6.58783 
6 0.0895033 0.0450551 -1.84462 0.024407 0.0159239 0.189804 0.98139 177.599 -21.8434 2.32227 
7 0.038127 0.0463167 -1.82629 0.0318179 -0.064144 0.139714 0.9876 175.335 -16.3801 -6.76552 
8 -0.00751894 0.0469676 -1.81615 0.033768 -0.123244 0.126984 0.983639 174.231 -15.3966 -13.5255 
9 -0.0447107 0.0469564 -1.81182 0.0456087 -0.144029 0.171776 0.973483 171.756 -21.1273 -15.3522 
10 -0.0750507 0.0473433 -1.8107 0.0495765 -0.18565 0.170814 0.966385 170.244 -21.7712 -19.9916 
11 -0.127397 0.047422 -1.81515 0.0494818 -0.240779 0.143936 0.958572 169.422 -19.5839 -26.5746 
12 -0.173505 0.0464629 -1.82022 0.0473494 -0.29172 0.132664 0.946075 168.561 -19.3245 -32.6438 
13 -0.222981 0.0466557 -1.83398 0.0556253 -0.34505 0.127397 0.928233 165.803 -20.6497 -38.785 ];

Point4Axis1(:,2) = -Point4Axis1(:,2); %x axis of the measurement machine was wrongly defined

Point4Axis2 = [14 0.0738287 0.386424 -2.2076 0.00165272 -0.0188395 0.698433 0.715426 178.356 -88.643 -1.41236 
15 0.0756089 0.37669 -2.15703 0.0061429 -0.0174255 0.659447 0.751524 178.154 -82.5493 -1.03651 
16 0.0776548 0.356996 -2.09799 0.00980669 -0.0166562 0.601407 0.798709 177.954 -73.9728 -0.848652 
17 0.0789666 0.336455 -2.05407 0.0094237 -0.0193309 0.546943 0.836894 177.884 -66.3557 -1.26332 
18 0.0804166 0.312494 -2.01622 0.01383 -0.016156 0.510391 0.85968 177.692 -61.4109 -0.782716 
19 0.0814802 0.283134 -1.97879 0.0130586 -0.00999678 0.471369 0.881783 178.14 -56.2596 -0.304766 
20 0.0828758 0.246153 -1.94277 0.0173658 -0.0106956 0.412745 0.910618 177.681 -48.7716 -0.294722 
21 0.0837163 0.208422 -1.91229 0.0201722 -0.0126537 0.363277 0.931377 177.319 -42.6278 -0.510773 
22 0.0848207 0.171547 -1.89007 0.0213512 -0.0176298 0.305466 0.9518 177.052 -35.6168 -1.17555 
23 0.0848386 0.139009 -1.87306 0.022583 -0.00366738 0.289693 0.956846 177.401 -33.6803 0.347561 
24 0.0849326 0.112951 -1.8613 0.0229785 -0.00677962 0.234589 0.971799 177.258 -27.1461 -0.13727 
25 0.085178 0.0832119 -1.85173 0.0263638 -0.0118114 0.211263 0.977002 176.761 -24.4224 -0.684136 
26 0.0852401 0.042857 -1.83871 0.0276671 -0.0168104 0.143634 0.989101 176.584 -16.5683 -1.45011 
27 0.0854166 -0.0268161 -1.83184 0.0311515 -0.00942569 0.0800655 0.996258 176.354 -9.21469 -0.790278 
28 0.0855193 -0.0301857 -1.83172 0.0325841 -0.0100274 0.0851803 0.995782 176.181 -9.80603 -0.826183 
29 0.0853678 -0.0631594 -1.83271 0.032577 -0.0111317 0.0313924 0.998914 176.227 -3.63814 -1.1571 
30 0.0848248 -0.100967 -1.84064 0.029515 0.00551011 0.0164886 0.999413 176.628 -1.87017 0.686826 
31 0.0845879 -0.14191 -1.84748 0.0335336 0.0111744 -0.0214426 0.999145 176.129 2.49931 1.19709 
32 0.0835538 -0.1785 -1.8561 0.036194 -0.00828059 -0.110094 0.993228 175.981 12.6011 -1.39921 
33 0.0832384 -0.21299 -1.8707 0.0360117 0.00387139 -0.144767 0.988803 175.852 16.6528 -0.15874 
34 0.0822128 -0.25401 -1.89111 0.0383397 0.00285584 -0.210233 0.976895 175.635 24.2673 -0.603958 
35 0.0816038 -0.273923 -1.90376 0.0370825 -0.00163073 -0.237627 0.970647 175.915 27.47 -1.19123 ];

Point4Axis2(:,2) = -Point4Axis2(:,2);

Point4Axis3 = [36 0.31886 0.0332481 -2.05049 -0.0117708 0.34818 0.151641 0.925007 -170.452 -22.0864 39.8341 
37 0.294793 0.03569 -2.00942 -0.00214088 0.299983 0.154947 0.941274 -173.254 -20.782 34.3377 
38 0.266172 0.0376092 -1.97102 -0.00173266 0.247264 0.159229 0.955774 -174.659 -20.2579 28.1711 
39 0.248196 0.0386926 -1.95021 0.00511642 0.216236 0.152737 0.964307 -176.453 -18.779 24.7461 
40 0.220516 0.040247 -1.92354 0.00501692 0.176606 0.16566 0.970228 -177.022 -19.9079 20.1426 
41 0.195333 0.0408449 -1.90282 0.0158029 0.138403 0.17257 0.975097 -178.99 -20.2141 15.9839 
42 0.157048 0.0426048 -1.87784 0.0205723 0.0883346 0.156679 0.983476 179.255 -18.0359 10.3812 
43 0.125689 0.0439833 -1.8604 0.0210314 0.0465194 0.166001 0.984803 178.504 -19.062 5.65898 
44 0.0894363 0.0449139 -1.84434 0.0253619 0.0151198 0.189057 0.981522 177.472 -21.7555 2.25062 
45 0.0362579 0.0462565 -1.82627 0.0326098 -0.0585741 0.167152 0.983649 175.17 -19.5411 -5.98863 
46 0.00821234 0.0466822 -1.82011 0.0358542 -0.0883112 0.169607 0.980892 174.167 -20.0934 -9.26989 
47 -0.0308916 0.0471439 -1.8141 0.0386769 -0.142522 0.140902 0.978948 173.091 -17.3256 -15.5538 
48 -0.0802175 0.0475689 -1.81179 0.0431706 -0.192847 0.139036 0.970369 171.522 -17.9002 -21.2391 
49 -0.0927045 0.0476585 -1.81155 0.0476646 -0.212276 0.153434 0.963911 170.16 -20.1171 -23.2412 
50 -0.142448 0.0469203 -1.81434 0.0485278 -0.254455 0.141858 0.955392 169.215 -19.6071 -28.1928 
51 -0.183641 0.0471511 -1.824 0.0506399 -0.302704 0.127797 0.943119 167.975 -19.1132 -33.9196 ];

Point4Axis3(:,2) = -Point4Axis3(:,2);

Point4Axis4 = [52 0.0786098 -0.107166 -2.02613 0.0315124 0.0167467 -0.0307188 0.998891 176.33 3.5808 1.80628 
53 0.0801804 -0.0770204 -1.97485 0.0299747 0.00123516 0.0288549 0.999133 176.57 -3.30127 0.240529 
54 0.0814562 -0.0553941 -1.94365 0.0309964 -0.00752254 0.0503593 0.998222 176.408 -5.79751 -0.68163 
55 0.0832611 -0.0146093 -1.89594 0.0276756 0.0099504 0.120316 0.9923 176.988 -13.7869 1.5132 
56 0.0857268 0.0585691 -1.83091 0.02634 -0.00564419 0.179981 0.983301 176.914 -20.7474 -0.0927312 
57 0.0867515 0.0893347 -1.81037 0.025841 -0.0135691 0.204277 0.978478 176.783 -23.6103 -0.916585 
58 0.0877858 0.129246 -1.78709 0.0216533 -0.0193202 0.216784 0.975788 177.096 -25.0923 -1.62265 
59 0.0883446 0.162934 -1.77083 0.0223148 -0.0130171 0.271059 0.962216 177.134 -31.484 -0.74219 
60 0.0893914 0.198708 -1.75718 0.0247016 -0.0234223 0.305181 0.951686 176.483 -35.6114 -1.69072 
61 0.0893112 0.226074 -1.74753 0.0175017 -0.00501338 0.327093 0.944817 177.917 -38.1894 0.113211 
62 0.0897563 0.25677 -1.74042 0.0184436 -0.00784607 0.371424 0.928247 177.704 -43.6171 -0.0495842 
63 0.0902339 0.299357 -1.73028 0.0192912 -0.0172525 0.394094 0.918706 177.188 -46.4587 -0.945122 
64 0.0904449 0.340102 -1.72525 0.0146577 -0.01031 0.428867 0.90319 177.976 -50.8062 -0.346719 
65 0.0907761 0.399767 -1.72321 0.0123328 -0.016638 0.471252 0.881755 177.855 -56.2634 -1.01519 
66 0.0908538 0.448941 -1.72673 0.012071 -0.0180176 0.507554 0.861347 177.76 -61.039 -1.07639 
67 0.0909091 0.495861 -1.73392 0.013352 -0.018264 0.549544 0.835158 177.571 -66.71 -0.907119 
68 0.0905045 0.541293 -1.74512 0.0102798 -0.0168432 0.584411 0.811218 177.916 -71.5549 -0.877339 
69 0.0902537 0.583391 -1.75924 0.00734982 -0.0175997 0.619048 0.785121 178.09 -76.5275 -1.0621 
70 0.0898937 0.617486 -1.77333 0.00967557 -0.0200009 0.642658 0.765831 177.677 -80.0256 -1.04275 
71 0.0889445 0.677502 -1.8051 0.0039168 -0.0209506 0.685163 0.728078 178.027 -86.5462 -1.44057 
72 0.0881458 0.721606 -1.83476 0.00189618 -0.0225842 0.702431 0.711391 178.026 -89.3029 -1.68867 ];

Point4Axis4(:,2) = -Point4Axis4(:,2);

